0.3020649100781839	Ivysaur	Grass	Poison	405	60	62	63	80	80	60
0.5586941075504076	Venusaur	Grass	Poison	525	80	82	83	100	100	80
0.6805003449307512	VenusaurMega Venusaur	Grass	Poison	625	80	100	123	122	120	80
0.16652803068088073	Charmeleon	Fire		405	58	64	58	80	65	80
0.07260685080730411	Charizard	Fire	Flying	534	78	84	78	109	85	100
0.6625855830338264	CharizardMega Charizard X	Fire	Dragon	634	78	130	111	130	85	100
0.7628548984634981	CharizardMega Charizard Y	Fire	Flying	634	78	104	78	159	115	100
0.07809983988532765	Squirtle	Water		314	44	48	65	50	64	43
0.8897723995470821	Wartortle	Water		405	59	63	80	65	80	58
0.6410667588134695	Blastoise	Water		530	79	83	100	85	105	78
0.18761491249143325	BlastoiseMega Blastoise	Water		630	79	103	120	135	115	78
0.24721943730220008	Pidgeot	Normal	Flying	479	83	80	75	70	70	101
0.7244363729826871	PidgeotMega Pidgeot	Normal	Flying	579	83	80	80	135	80	121
0.5572181122321319	Raticate	Normal		413	55	81	60	50	70	97
0.4739391350876838	Fearow	Normal	Flying	442	65	90	65	61	61	100
0.8343988204362334	Arbok	Poison		438	60	85	69	65	79	80
0.9450061855330218	Sandshrew	Ground		300	50	75	85	20	30	40
0.7244178359604115	Sandslash	Ground		450	75	100	110	45	55	65
0.9322846862672213	Nidorina	Poison		365	70	62	67	55	55	56
0.3552722529677609	Nidoqueen	Poison	Ground	505	90	92	87	75	85	76
0.5375431816650148	Nidorino	Poison		365	61	72	57	55	55	65
0.26772633718413963	Nidoking	Poison	Ground	505	81	102	77	85	75	85
0.19183538917763188	Clefable	Fairy		483	95	70	73	95	90	60
0.21451361160302762	Ninetales	Fire		505	73	76	75	81	100	100
0.43296771332986805	Golbat	Poison	Flying	455	75	80	70	65	75	90
0.06232028005000578	Gloom	Grass	Poison	395	60	65	70	85	75	40
0.5647039021987729	Vileplume	Grass	Poison	490	75	80	85	110	90	50
0.242123591947764	Parasect	Bug	Grass	405	60	95	80	60	80	30
0.14999577955301957	Venomoth	Bug	Poison	450	70	65	60	90	75	90
0.09771269776418334	Persian	Normal		440	65	70	60	65	65	115
0.1298728773434431	Golduck	Water		500	80	82	78	95	80	85
0.3340460685715112	Primeape	Fighting		455	65	105	60	60	70	95
0.47515204725969895	Arcanine	Fire		555	90	110	80	100	80	95
0.6495033910172245	Poliwhirl	Water		385	65	65	65	50	50	90
0.8856604634228635	Poliwrath	Water	Fighting	510	90	95	95	70	90	70
0.7102055427874171	AlakazamMega Alakazam	Psychic		590	55	50	65	175	95	150
0.570147886085238	Machoke	Fighting		405	80	100	70	50	60	45
0.3796619858139054	Machamp	Fighting		505	90	130	80	65	85	55
0.4415658267484176	Victreebel	Grass	Poison	490	80	105	65	100	70	70
0.6204406192988535	Tentacruel	Water	Poison	515	80	70	65	80	120	100
0.722109516458934	Geodude	Rock	Ground	300	40	80	100	30	30	20
0.6318536628424262	Graveler	Rock	Ground	390	55	95	115	45	45	35
0.4986709031789306	Golem	Rock	Ground	495	80	120	130	55	65	45
0.5524411890103083	Rapidash	Fire		500	65	100	70	80	80	105
0.9335859448080928	Slowpoke	Water	Psychic	315	90	65	65	40	40	15
0.7400751988628832	Slowbro	Water	Psychic	490	95	75	110	100	80	30
0.8023443545152912	SlowbroMega Slowbro	Water	Psychic	590	95	75	180	130	80	30
0.1256796834829902	Magnemite	Electric	Steel	325	25	35	70	95	55	45
0.6869619331301636	Magneton	Electric	Steel	465	50	60	95	120	70	70
0.12687709977087347	Dodrio	Normal	Flying	460	60	110	70	60	60	100
0.3418149296667895	Dewgong	Water	Ice	475	90	70	80	70	95	70
0.8914598388691406	Muk	Poison		500	105	105	75	65	100	50
0.5118467346408627	Shellder	Water		305	30	65	100	45	25	40
0.3317054205334449	Cloyster	Water	Ice	525	50	95	180	85	45	70
0.31825059509094233	Gengar	Ghost	Poison	500	60	65	60	130	75	110
0.20158904411928413	GengarMega Gengar	Ghost	Poison	600	60	65	80	170	95	130
0.43420424588769957	Onix	Rock	Ground	385	35	45	160	30	45	70
0.8804040312758122	Hypno	Psychic		483	85	73	70	73	115	67
0.8063010869671153	Krabby	Water		325	30	105	90	25	25	50
0.1568128925503106	Kingler	Water		475	55	130	115	50	50	75
0.99243603893517	Electrode	Electric		480	60	50	70	80	80	140
0.08367706010992726	Exeggcute	Grass	Psychic	325	60	40	80	60	45	40
0.09363146253219323	Exeggutor	Grass	Psychic	520	95	95	85	125	65	55
0.4010343634949959	Cubone	Ground		320	50	50	95	40	50	35
0.26832332901517786	Marowak	Ground		425	60	80	110	50	80	45
0.43531790911961976	Hitmonchan	Fighting		455	50	105	79	35	110	76
0.39879436950699565	Lickitung	Normal		385	90	55	75	60	75	30
0.18847124252229586	Koffing	Poison		340	40	65	95	60	45	35
0.2996801495157686	Weezing	Poison		490	65	90	120	85	70	60
0.2702696235651504	Rhyhorn	Ground	Rock	345	80	85	95	30	30	25
0.03985931919133434	Rhydon	Ground	Rock	485	105	130	120	45	45	40
0.7182900242962409	Tangela	Grass		435	65	55	115	100	40	60
0.3167646585045233	Kangaskhan	Normal		490	105	95	80	40	80	90
0.7380894096800562	KangaskhanMega Kangaskhan	Normal		590	105	125	100	60	100	100
0.154537614754793	Horsea	Water		295	30	40	70	70	25	60
0.20488582169884928	Seadra	Water		440	55	65	95	95	45	85
0.47594082432413765	Goldeen	Water		320	45	67	60	35	50	63
0.949147221864494	Seaking	Water		450	80	92	65	65	80	68
0.7571115577843857	Starmie	Water	Psychic	520	60	75	85	100	85	115
0.531861584535526	Mr. Mime	Psychic	Fairy	460	40	45	65	100	120	90
0.15177862784867235	Scyther	Bug	Flying	500	70	110	80	55	80	105
0.35889681080606706	Electabuzz	Electric		490	65	83	57	95	85	105
0.2582972955597842	Magmar	Fire		495	65	95	57	100	85	93
0.6238923515691605	Pinsir	Bug		500	65	125	100	55	70	85
0.39272543859875964	PinsirMega Pinsir	Bug	Flying	600	65	155	120	65	90	105
0.06981520490718363	Tauros	Normal		490	75	100	95	40	70	110
0.5712406141898837	Gyarados	Water	Flying	540	95	125	79	60	100	81
0.8630430642274461	GyaradosMega Gyarados	Water	Dark	640	95	155	109	70	130	81
0.8456772917102662	Lapras	Water	Ice	535	130	85	80	85	95	60
0.7511141079312	Vaporeon	Water		525	130	65	60	110	95	65
0.5801654995679124	Jolteon	Electric		525	65	65	60	110	95	130
0.974741495184046	Flareon	Fire		525	65	130	60	95	110	65
0.3112233877978424	Porygon	Normal		395	65	60	70	85	75	40
0.3030851194745958	Omanyte	Rock	Water	355	35	40	100	90	55	35
0.05776558932456166	Omastar	Rock	Water	495	70	60	125	115	70	55
0.8134903897735367	Kabuto	Rock	Water	355	30	80	90	55	45	55
0.10403317868000195	Kabutops	Rock	Water	495	60	115	105	65	70	80
0.22594801007244125	Aerodactyl	Rock	Flying	515	80	105	65	60	75	130
0.08324894809711747	AerodactylMega Aerodactyl	Rock	Flying	615	80	135	85	70	95	150
0.38953589183342396	Snorlax	Normal		540	160	110	65	65	110	30
0.561799983009466	Articuno	Ice	Flying	580	90	85	100	95	125	85
0.8923291336760267	Zapdos	Electric	Flying	580	90	90	85	125	90	100
0.6350166621675835	Moltres	Fire	Flying	580	90	100	90	125	85	90
0.2950922512367653	Dragonair	Dragon		420	61	84	65	70	70	70
0.37135111770904605	Dragonite	Dragon	Flying	600	91	134	95	100	100	80
0.5680052282884661	Mewtwo	Psychic		680	106	110	90	154	90	130
0.3102766258367432	MewtwoMega Mewtwo X	Psychic	Fighting	780	106	190	100	154	100	130
0.4123550920396206	MewtwoMega Mewtwo Y	Psychic		780	106	150	70	194	120	140
0.8619791131217488	Mew	Psychic		600	100	100	100	100	100	100
0.07730526782276548	Chikorita	Grass		318	45	49	65	49	65	45
0.0584635244337649	Bayleef	Grass		405	60	62	80	63	80	60
0.4154193929928548	Meganium	Grass		525	80	82	100	83	100	80
0.05374457786816711	Quilava	Fire		405	58	64	58	80	65	80
0.46757101096059694	Typhlosion	Fire		534	78	84	78	109	85	100
0.40615695571087396	Totodile	Water		314	50	65	64	44	48	43
0.114349653634926	Croconaw	Water		405	65	80	80	59	63	58
0.04244596665208056	Feraligatr	Water		530	85	105	100	79	83	78
0.8913347604854346	Furret	Normal		415	85	76	64	45	55	90
0.8982593095400853	Ariados	Bug	Poison	390	70	90	70	60	60	40
0.13203403252317447	Crobat	Poison	Flying	535	85	90	80	70	80	130
0.25314750327089397	Lanturn	Water	Electric	460	125	58	58	76	76	67
0.1953805247349787	Togepi	Fairy		245	35	20	65	40	65	20
0.38351609772067885	Togetic	Fairy	Flying	405	55	40	85	80	105	40
0.7530859316380081	Xatu	Psychic	Flying	470	65	75	70	95	70	95
0.2006009608481435	Ampharos	Electric		510	90	75	85	115	90	55
0.38261267869743565	AmpharosMega Ampharos	Electric	Dragon	610	90	95	105	165	110	45
0.3320309259909575	Bellossom	Grass		490	75	80	95	90	100	50
0.03894009256026665	Azumarill	Water	Fairy	420	100	50	80	60	80	50
0.657593224769744	Sudowoodo	Rock		410	70	100	115	30	65	30
0.19566407274216513	Politoed	Water		500	90	75	75	90	100	70
0.5882483135561983	Jumpluff	Grass	Flying	460	75	55	70	55	95	110
0.464422412915669	Quagsire	Water	Ground	430	95	85	85	65	65	35
0.5511962380149975	Espeon	Psychic		525	65	65	60	130	95	110
0.5604330787077242	Umbreon	Dark		525	95	65	110	60	130	65
0.834947349782945	Slowking	Water	Psychic	490	95	75	80	100	110	30
0.3984560829117755	Misdreavus	Ghost		435	60	60	60	85	85	85
0.48209137810876324	Wobbuffet	Psychic		405	190	33	58	33	58	33
0.5232474583599849	Girafarig	Normal	Psychic	455	70	80	65	90	65	85
0.5721098789351017	Pineco	Bug		290	50	65	90	35	35	15
0.7251991506962959	Forretress	Bug	Steel	465	75	90	140	60	60	40
0.49358592883501395	Dunsparce	Normal		415	100	70	70	65	65	45
0.6171099380044599	Gligar	Ground	Flying	430	65	75	105	35	65	85
0.5990969424165875	Steelix	Steel	Ground	510	75	85	200	55	65	30
0.7817913991302329	SteelixMega Steelix	Steel	Ground	610	75	125	230	55	95	30
0.6046341940745849	Granbull	Fairy		450	90	120	75	60	60	45
0.30048891081897433	Qwilfish	Water	Poison	430	65	95	75	55	55	85
0.8293876568222048	Scizor	Bug	Steel	500	70	130	100	55	80	65
0.5750214255929709	ScizorMega Scizor	Bug	Steel	600	70	150	140	65	100	75
0.6651213861727394	Shuckle	Bug	Rock	505	20	10	230	10	230	5
0.22637521716681963	Heracross	Bug	Fighting	500	80	125	75	40	95	85
0.7642050734445426	HeracrossMega Heracross	Bug	Fighting	600	80	185	115	40	105	75
0.9316075241771788	Ursaring	Normal		500	90	130	75	75	75	55
0.291863634221633	Magcargo	Fire	Rock	410	50	50	120	80	80	30
0.6198335158377973	Piloswine	Ice	Ground	450	100	100	80	60	60	50
0.10467361232160144	Corsola	Water	Rock	380	55	55	85	65	85	35
0.8354187635194982	Octillery	Water		480	75	105	75	105	75	45
2.2279029715288612E-4	Mantine	Water	Flying	465	65	40	70	80	140	70
0.9690351754089724	Skarmory	Steel	Flying	465	65	80	140	40	70	70
0.7917234047163462	HoundoomMega Houndoom	Dark	Fire	600	75	90	90	140	90	115
0.7098454441414563	Kingdra	Water	Dragon	540	75	95	95	95	95	85
0.1589301640189703	Phanpy	Ground		330	90	60	60	40	40	40
0.5677667091489684	Donphan	Ground		500	90	120	120	60	60	50
0.22877664316551694	Porygon2	Normal		515	85	80	90	105	95	60
0.8146609810496986	Stantler	Normal		465	73	95	62	85	65	85
0.06465815765004279	Hitmontop	Fighting		455	50	95	95	35	110	70
0.18666623131827864	Miltank	Normal		490	95	80	105	40	70	100
0.5643219587868077	Raikou	Electric		580	90	85	75	115	100	115
0.24410026497125692	Entei	Fire		580	115	115	85	90	75	100
0.2580748530612551	Suicune	Water		580	100	75	115	90	115	85
0.2959478133552045	Pupitar	Rock	Ground	410	70	84	70	65	70	51
0.6898026713156112	Tyranitar	Rock	Dark	600	100	134	110	95	100	61
0.23651182980968277	TyranitarMega Tyranitar	Rock	Dark	700	100	164	150	95	120	71
0.18456117644470937	Lugia	Psychic	Flying	680	106	90	130	90	154	110
0.8141315895092596	Ho-oh	Fire	Flying	680	106	130	90	110	154	90
0.04281524669195691	Celebi	Psychic	Grass	600	100	100	100	100	100	100
0.6358246020500777	Sceptile	Grass		530	70	85	65	105	85	120
0.44046582515930566	SceptileMega Sceptile	Grass	Dragon	630	70	110	75	145	85	145
0.31530519832846293	Combusken	Fire	Fighting	405	60	85	60	85	60	55
0.3964346750746448	Blaziken	Fire	Fighting	530	80	120	70	110	70	80
0.38120227553190233	BlazikenMega Blaziken	Fire	Fighting	630	80	160	80	130	80	100
0.139719042784749	Marshtomp	Water	Ground	405	70	85	70	60	70	50
0.9917000662564311	Swampert	Water	Ground	535	100	110	90	85	90	60
0.5625537638240714	SwampertMega Swampert	Water	Ground	635	100	150	110	95	110	70
0.8436417072244264	Mightyena	Dark		420	70	90	70	60	60	70
0.38582027856615675	Linoone	Normal		420	78	70	61	50	61	100
0.4388738593274748	Dustox	Bug	Poison	385	60	50	70	50	90	65
0.3404434954655252	Ludicolo	Water	Grass	480	80	70	70	90	100	70
0.6769039461077898	Shiftry	Grass	Dark	480	90	100	60	90	60	80
0.44066166843306376	Swellow	Normal	Flying	430	60	85	60	50	50	125
0.5075479995514217	Pelipper	Water	Flying	430	60	50	100	85	70	65
0.10131212165912318	Gardevoir	Psychic	Fairy	518	68	65	65	125	115	80
0.6050497933547228	GardevoirMega Gardevoir	Psychic	Fairy	618	68	85	65	165	135	100
0.9443434493313976	Masquerain	Bug	Flying	414	70	60	62	80	82	60
0.0491571942115101	Shroomish	Grass		295	60	40	60	40	60	35
0.11546092491229432	Breloom	Grass	Fighting	460	60	130	80	60	60	70
0.2299844936951405	Slakoth	Normal		280	60	60	60	35	35	30
0.45908317315053093	Vigoroth	Normal		440	80	80	80	55	55	90
0.3714258927143046	Slaking	Normal		670	150	160	100	95	65	100
0.1007048185943673	Nincada	Bug	Ground	266	31	45	90	30	30	40
0.5097986774594288	Exploud	Normal		490	104	91	63	91	73	68
0.6855158497983839	Hariyama	Fighting		474	144	120	60	40	60	50
0.6157937068709552	Nosepass	Rock		375	30	45	135	45	90	30
0.4990462472562004	Delcatty	Normal		380	70	65	65	55	55	70
0.0323259640105934	Sableye	Dark	Ghost	380	50	75	75	65	65	50
0.9311274425164077	SableyeMega Sableye	Dark	Ghost	480	50	85	125	85	115	20
0.07027074405979006	Mawile	Steel	Fairy	380	50	85	85	55	55	50
0.6731613572336671	MawileMega Mawile	Steel	Fairy	480	50	105	125	55	95	50
0.5882200311605	Aron	Steel	Rock	330	50	70	100	40	40	30
0.7982595964435669	Lairon	Steel	Rock	430	60	90	140	50	50	40
0.6393102915925705	Aggron	Steel	Rock	530	70	110	180	60	60	50
0.5550774912722563	AggronMega Aggron	Steel		630	70	140	230	60	80	50
0.8339871802558846	Medicham	Fighting	Psychic	410	60	60	75	60	75	80
0.6030684033795864	MedichamMega Medicham	Fighting	Psychic	510	60	100	85	80	85	100
0.30654551058253277	Manectric	Electric		475	70	75	60	105	60	105
0.27649146550911874	ManectricMega Manectric	Electric		575	70	75	80	135	80	135
0.02779256066586766	Swalot	Poison		467	100	73	83	73	83	55
0.7370157476684026	SharpedoMega Sharpedo	Water	Dark	560	70	140	70	110	65	105
0.44674317565729793	Camerupt	Fire	Ground	460	70	100	70	105	75	40
0.9634985890711679	CameruptMega Camerupt	Fire	Ground	560	70	120	100	145	105	20
0.9194920022180321	Torkoal	Fire		470	70	85	140	85	70	20
0.038916894710323446	Grumpig	Psychic		470	80	45	65	90	110	80
0.270086799723229	Spinda	Normal		360	60	60	60	60	60	60
0.1880720619213444	Flygon	Ground	Dragon	520	80	100	80	80	80	100
0.8812232038313673	Cacturne	Grass	Dark	475	70	115	60	115	60	55
0.25826324967624303	Swablu	Normal	Flying	310	45	40	60	40	75	50
0.5149077502053904	Altaria	Dragon	Flying	490	75	70	90	70	105	80
0.5344538431130678	AltariaMega Altaria	Dragon	Fairy	590	75	110	110	110	105	80
0.2760238495939368	Zangoose	Normal		458	73	115	60	60	60	90
0.8594847189463292	Seviper	Poison		458	73	100	60	100	60	65
0.744242199926858	Lunatone	Rock	Psychic	440	70	55	65	95	85	70
0.360686938353855	Solrock	Rock	Psychic	440	70	95	85	55	65	70
0.8793257633953719	Whiscash	Water	Ground	468	110	78	73	76	71	60
0.7420111204720317	Corphish	Water		308	43	80	65	50	35	35
0.24709853803008697	Crawdaunt	Water	Dark	468	63	120	85	90	55	55
0.11384076655806652	Claydol	Ground	Psychic	500	60	70	105	70	120	75
0.8918086555533602	Lileep	Rock	Grass	355	66	41	77	61	87	23
0.9324377441522642	Cradily	Rock	Grass	495	86	81	97	81	107	43
0.5970782620983549	Armaldo	Rock	Bug	495	75	125	100	70	80	45
0.4920505697758508	Milotic	Water		540	95	60	79	100	125	81
0.711978116082609	Castform	Normal		420	70	70	70	70	70	70
0.9427951183177176	Kecleon	Normal		440	60	90	70	60	120	40
0.3790007444014434	Banette	Ghost		455	64	115	65	83	63	65
0.3373126336248312	BanetteMega Banette	Ghost		555	64	165	75	93	83	75
0.17296675134947648	Duskull	Ghost		295	20	40	90	30	90	25
0.28286882835104465	Dusclops	Ghost		455	40	70	130	60	130	25
0.4584406991292611	Tropius	Grass	Flying	460	99	68	83	72	87	51
0.39004729996034615	Chimecho	Psychic		425	65	50	70	95	80	65
0.39043929001054856	Absol	Dark		465	65	130	60	75	60	75
0.5647098764806957	AbsolMega Absol	Dark		565	65	150	60	115	60	115
0.4395942447007706	Glalie	Ice		480	80	80	80	80	80	80
0.9397620207490424	GlalieMega Glalie	Ice		580	80	120	80	120	80	100
0.7171154531101842	Sealeo	Ice	Water	410	90	60	70	75	70	45
0.7439221457733548	Walrein	Ice	Water	530	110	80	90	95	90	65
0.6336478230512221	Clamperl	Water		345	35	64	85	74	55	32
0.9657170219593418	Huntail	Water		485	55	104	105	94	75	52
0.5543077363593595	Gorebyss	Water		485	55	84	105	114	75	52
0.3050081454889617	Relicanth	Water	Rock	485	100	90	130	45	65	55
0.9428317902434169	Bagon	Dragon		300	45	75	60	40	30	50
0.5773165634542271	Shelgon	Dragon		420	65	95	100	60	50	50
0.9320031570931826	Salamence	Dragon	Flying	600	95	135	80	110	80	100
0.6170000216599004	SalamenceMega Salamence	Dragon	Flying	700	95	145	130	120	90	120
0.5545984517137502	Beldum	Steel	Psychic	300	40	55	80	35	60	30
0.4360187887274445	Metang	Steel	Psychic	420	60	75	100	55	80	50
0.8364017673638514	Metagross	Steel	Psychic	600	80	135	130	95	90	70
0.2607979682680952	MetagrossMega Metagross	Steel	Psychic	700	80	145	150	105	110	110
0.2358720700035094	Regirock	Rock		580	80	100	200	50	100	50
0.36887806816579227	Regice	Ice		580	80	50	100	100	200	50
0.23745666238393193	Registeel	Steel		580	80	75	150	75	150	50
0.8610833710750608	Latias	Dragon	Psychic	600	80	80	90	110	130	110
0.31907580373102207	LatiasMega Latias	Dragon	Psychic	700	80	100	120	140	150	110
0.5684033459757899	Latios	Dragon	Psychic	600	80	90	80	130	110	110
0.6488438516668511	LatiosMega Latios	Dragon	Psychic	700	80	130	100	160	120	110
0.8433694070220196	Kyogre	Water		670	100	100	90	150	140	90
0.17964944687129414	KyogrePrimal Kyogre	Water		770	100	150	90	180	160	90
0.6142365838603622	Groudon	Ground		670	100	150	140	100	90	90
0.838922534770083	GroudonPrimal Groudon	Ground	Fire	770	100	180	160	150	90	90
0.5806973475553723	Rayquaza	Dragon	Flying	680	105	150	90	150	90	95
0.11902815910971287	RayquazaMega Rayquaza	Dragon	Flying	780	105	180	100	180	100	115
0.04922626851682754	Jirachi	Steel	Psychic	600	100	100	100	100	100	100
0.003629537926755466	DeoxysDefense Forme	Psychic		600	50	70	160	70	160	90
0.594681788793681	DeoxysSpeed Forme	Psychic		600	50	95	90	95	90	180
0.08756132653165383	Turtwig	Grass		318	55	68	64	45	55	31
0.3957900586911851	Grotle	Grass		405	75	89	85	55	65	36
0.3108841339139503	Torterra	Grass	Ground	525	95	109	105	75	85	56
0.8320532896009222	Infernape	Fire	Fighting	534	76	104	71	104	71	108
0.608608184282248	Prinplup	Water		405	64	66	68	81	76	50
0.30803234200453333	Empoleon	Water	Steel	530	84	86	88	111	101	60
0.23096273497161057	Staraptor	Normal	Flying	485	85	120	70	50	60	100
0.5505430215123711	Bibarel	Normal	Water	410	79	85	60	55	60	71
0.5980543144927727	Luxray	Electric		523	80	120	79	95	79	70
0.02090149195551838	Roserade	Grass	Poison	515	60	70	65	125	105	90
0.47843524421648	Rampardos	Rock		495	97	165	60	65	50	58
0.016897937533733698	Shieldon	Rock	Steel	350	30	42	118	42	88	30
0.5127514679894745	Bastiodon	Rock	Steel	495	60	52	168	47	138	30
0.3797430575951267	WormadamPlant Cloak	Bug	Grass	424	60	59	85	79	105	36
0.70863811194188	WormadamSandy Cloak	Bug	Ground	424	60	79	105	59	85	36
0.045011835705127456	WormadamTrash Cloak	Bug	Steel	424	60	69	95	69	95	36
0.4068906185424257	Vespiquen	Bug	Flying	474	70	80	102	80	102	40
0.511924512018559	Pachirisu	Electric		405	60	45	70	45	90	95
0.3352916707239699	Cherrim	Grass		450	70	60	70	87	78	85
0.3836016569317334	Gastrodon	Water	Ground	475	111	83	68	92	82	39
0.027076054978423136	Ambipom	Normal		482	75	100	66	60	66	115
0.6367780924008546	Lopunny	Normal		480	65	76	84	54	96	105
0.9657522647578644	LopunnyMega Lopunny	Normal	Fighting	580	65	136	94	54	96	135
0.10055461543764366	Mismagius	Ghost		495	60	60	60	105	105	105
0.03487608312885915	Purugly	Normal		452	71	82	64	64	59	112
0.6009284933477075	Skuntank	Poison	Dark	479	103	93	67	71	61	84
0.9865223290668585	Bronzor	Steel	Psychic	300	57	24	86	24	86	23
0.4050166039094788	Bronzong	Steel	Psychic	500	67	89	116	79	116	33
0.8098840231480662	Bonsly	Rock		290	50	80	95	10	45	10
0.4731420099625684	Spiritomb	Ghost	Dark	485	50	92	108	92	108	35
0.774024777432385	Gabite	Dragon	Ground	410	68	90	65	50	55	82
0.7984877258161891	Garchomp	Dragon	Ground	600	108	130	95	80	85	102
0.05683048592929563	GarchompMega Garchomp	Dragon	Ground	700	108	170	115	120	95	92
0.9361548063734031	Lucario	Fighting	Steel	525	70	110	70	115	70	90
0.8542804382731986	LucarioMega Lucario	Fighting	Steel	625	70	145	88	140	70	112
0.052636143771143784	Hippopotas	Ground		330	68	72	78	38	42	32
0.617046213105906	Hippowdon	Ground		525	108	112	118	68	72	47
0.2725076869130082	Skorupi	Poison	Bug	330	40	50	90	30	55	65
0.09001020616650512	Drapion	Poison	Dark	500	70	90	110	60	75	95
0.27423679945029233	Toxicroak	Poison	Fighting	490	83	106	65	86	65	85
0.46758216110586337	Carnivine	Grass		454	74	100	72	90	72	46
0.45723523137393307	Finneon	Water		330	49	49	56	49	61	66
0.6348167254257445	Lumineon	Water		460	69	69	76	69	86	91
0.23658677868190403	Abomasnow	Grass	Ice	494	90	92	75	92	85	60
0.8805517294630048	AbomasnowMega Abomasnow	Grass	Ice	594	90	132	105	132	105	30
0.24232760319897073	Weavile	Dark	Ice	510	70	120	65	45	85	125
0.9614826288389603	Magnezone	Electric	Steel	535	70	70	115	130	90	60
0.2319442542861384	Lickilicky	Normal		515	110	85	95	80	95	50
0.110767557160242	Rhyperior	Ground	Rock	535	115	140	130	55	55	40
0.14620370541736016	Tangrowth	Grass		535	100	100	125	110	50	50
0.7450556309848798	Electivire	Electric		540	75	123	67	95	85	95
0.9309838884326415	Magmortar	Fire		540	75	95	67	125	95	83
0.7815030769611311	Togekiss	Fairy	Flying	545	85	50	95	120	115	80
0.9460040326476996	Yanmega	Bug	Flying	515	86	76	86	116	56	95
0.7612736909695257	Leafeon	Grass		525	65	110	130	60	65	95
0.12295597621921239	Glaceon	Ice		525	65	60	110	130	95	65
0.3462172648956017	Gliscor	Ground	Flying	510	75	95	125	45	75	95
0.6113329923515143	Mamoswine	Ice	Ground	530	110	130	80	70	60	80
0.24701550732489885	Porygon-Z	Normal		535	85	80	70	135	75	90
0.7541825324935273	Gallade	Psychic	Fighting	518	68	125	65	65	115	80
0.6183383048904754	GalladeMega Gallade	Psychic	Fighting	618	68	165	95	65	115	110
0.615149681027606	Probopass	Rock	Steel	525	60	55	145	75	150	40
0.3618455896013153	Dusknoir	Ghost		525	45	100	135	65	135	45
0.38271890828271515	Froslass	Ice	Ghost	480	70	80	70	80	70	110
0.3817098461034455	Rotom	Electric	Ghost	440	50	50	77	95	77	91
0.2108271394013892	RotomHeat Rotom	Electric	Fire	520	50	65	107	105	107	86
0.4883546114191547	RotomWash Rotom	Electric	Water	520	50	65	107	105	107	86
0.023454311957599505	RotomFrost Rotom	Electric	Ice	520	50	65	107	105	107	86
0.5210617604990878	RotomFan Rotom	Electric	Flying	520	50	65	107	105	107	86
0.5739699946531738	RotomMow Rotom	Electric	Grass	520	50	65	107	105	107	86
0.11388008264443295	Uxie	Psychic		580	75	75	130	75	130	95
0.3706203829627376	Mesprit	Psychic		580	80	105	105	105	105	80
0.9448743949869045	Azelf	Psychic		580	75	125	70	125	70	115
0.6734011837050206	Dialga	Steel	Dragon	680	100	120	120	150	100	90
0.9473235638466231	Palkia	Water	Dragon	680	90	120	100	150	120	100
0.5536220536599555	Heatran	Fire	Steel	600	91	90	106	130	106	77
0.8122639382333988	Regigigas	Normal		670	110	160	110	80	110	100
0.35779809808828944	GiratinaAltered Forme	Ghost	Dragon	680	150	100	120	100	120	90
0.7421649427742287	GiratinaOrigin Forme	Ghost	Dragon	680	150	120	100	120	100	90
0.9073005594571076	Cresselia	Psychic		600	120	70	120	75	130	85
0.22102340880725424	Phione	Water		480	80	80	80	80	80	80
0.4227793821291177	Manaphy	Water		600	100	100	100	100	100	100
0.020405993099004927	Darkrai	Dark		600	70	90	90	135	90	125
0.7191830095998701	ShayminLand Forme	Grass		600	100	100	100	100	100	100
0.565712554502201	ShayminSky Forme	Grass	Flying	600	100	103	75	120	75	127
0.35781391927397865	Arceus	Normal		720	120	120	120	120	120	120
0.5220589806794836	Victini	Psychic	Fire	600	100	100	100	100	100	100
0.5539694208270871	Servine	Grass		413	60	60	75	60	75	83
0.23269701152391153	Serperior	Grass		528	75	75	95	75	95	113
0.06314304771591517	Emboar	Fire	Fighting	528	110	123	65	100	65	65
0.7409283726370471	Dewott	Water		413	75	75	60	83	60	60
0.5494522072915906	Samurott	Water		528	95	100	85	108	70	70
0.1632953720563518	Watchog	Normal		420	60	85	69	60	69	77
0.07397875120743258	Herdier	Normal		370	65	80	65	35	65	60
0.3498169747973886	Stoutland	Normal		500	85	110	90	45	90	80
0.02825929797806037	Simisage	Grass		498	75	98	63	98	63	101
0.08669999515597127	Simisear	Fire		498	75	98	63	98	63	101
0.7325593927623875	Simipour	Water		498	75	98	63	98	63	101
0.6669202257828196	Musharna	Psychic		487	116	55	85	107	95	29
0.876257039051891	Tranquill	Normal	Flying	358	62	77	62	50	42	65
0.9010964640923236	Unfezant	Normal	Flying	488	80	115	80	65	55	93
0.30821614539663167	Zebstrika	Electric		497	75	100	63	80	63	116
0.5700555503742561	Roggenrola	Rock		280	55	75	85	25	25	15
0.4011442636596818	Boldore	Rock		390	70	105	105	50	40	20
0.7644125512721878	Gigalith	Rock		515	85	135	130	60	80	25
0.28142258854316327	Excadrill	Ground	Steel	508	110	135	60	50	65	88
0.4265062050855266	Audino	Normal		445	103	60	86	60	86	50
0.8037143905740091	AudinoMega Audino	Normal	Fairy	545	103	60	126	80	126	50
0.9453871201746942	Gurdurr	Fighting		405	85	105	85	40	50	40
0.8798709301098362	Conkeldurr	Fighting		505	105	140	95	55	65	45
0.6736417994742455	Seismitoad	Water	Ground	509	105	95	75	85	75	74
0.9694577583023987	Throh	Fighting		465	120	100	85	30	85	45
0.3811563137996542	Sawk	Fighting		465	75	125	75	30	75	85
0.48293828521608795	Sewaddle	Bug	Grass	310	45	53	70	40	60	42
0.6591111690935283	Swadloon	Bug	Grass	380	55	63	90	50	80	42
0.019621448950113196	Leavanny	Bug	Grass	500	75	103	80	70	80	92
0.189312197466612	Venipede	Bug	Poison	260	30	45	59	30	39	57
0.6954770027750887	Whirlipede	Bug	Poison	360	40	55	99	40	79	47
0.22928499187104368	Scolipede	Bug	Poison	485	60	100	89	55	69	112
0.9485395599128142	Cottonee	Grass	Fairy	280	40	27	60	37	50	66
0.0903969804388548	Whimsicott	Grass	Fairy	480	60	67	85	77	75	116
0.7326827944711932	Lilligant	Grass		480	70	60	75	110	75	90
0.3407593682893785	Basculin	Water		460	70	92	65	80	55	98
0.7179917065587601	Krookodile	Ground	Dark	519	95	117	80	65	70	92
0.8110540357847436	DarmanitanZen Mode	Fire	Psychic	540	105	30	105	140	105	55
0.2548657566042245	Maractus	Grass		461	75	86	67	106	67	60
0.6621136527325245	Dwebble	Bug	Rock	325	50	65	85	35	35	55
0.3795434225919073	Crustle	Bug	Rock	475	70	95	125	65	75	45
0.05856421745393092	Scraggy	Dark	Fighting	348	50	75	70	35	70	48
0.944268290220729	Scrafty	Dark	Fighting	488	65	90	115	45	115	58
0.7317492580013251	Sigilyph	Psychic	Flying	490	72	58	80	103	80	97
0.15226696570336296	Yamask	Ghost		303	38	30	85	55	65	30
0.5842541811741925	Cofagrigus	Ghost		483	58	50	145	95	105	30
0.9256458727529224	Tirtouga	Water	Rock	355	54	78	103	53	45	22
0.7425183942862281	Carracosta	Water	Rock	495	74	108	133	83	65	32
0.8959365629537986	Archeops	Rock	Flying	567	75	140	65	112	65	110
0.18627091233795967	Trubbish	Poison		329	50	50	62	40	62	65
0.5981451479346303	Garbodor	Poison		474	80	95	82	60	82	75
0.43498492338821004	Zoroark	Dark		510	60	105	60	120	60	105
0.08873724039774222	Cinccino	Normal		470	75	95	60	65	60	115
0.24147502906931795	Gothorita	Psychic		390	60	45	70	75	85	55
0.5680860177163244	Gothitelle	Psychic		490	70	55	95	95	110	65
0.8985422632856236	Reuniclus	Psychic		490	110	65	75	125	85	30
0.24372235626198013	Swanna	Water	Flying	473	75	87	63	87	63	98
0.5017123226598925	Vanillish	Ice		395	51	65	65	80	75	59
0.1505728151719795	Vanilluxe	Ice		535	71	95	85	110	95	79
0.30324564176179614	Sawsbuck	Normal	Grass	475	80	100	70	60	70	95
0.6796990249086516	Emolga	Electric	Flying	428	55	75	60	75	60	103
0.44148201171554957	Escavalier	Bug	Steel	495	70	135	105	60	105	20
0.3424316764606584	Amoonguss	Grass	Poison	464	114	85	70	85	80	30
0.7150997290724757	Jellicent	Water	Ghost	480	100	60	70	85	105	60
0.6999173992089597	Alomomola	Water		470	165	75	80	40	45	65
0.40202673110753717	Galvantula	Bug	Electric	472	70	77	60	97	60	108
0.2597902817587695	Ferroseed	Grass	Steel	305	44	50	91	24	86	10
0.18367447048590813	Ferrothorn	Grass	Steel	489	74	94	131	54	116	20
0.5258838329019315	Klink	Steel		300	40	55	70	45	60	30
0.14112807583968057	Klang	Steel		440	60	80	95	70	85	50
0.7806871767026526	Klinklang	Steel		520	60	100	115	70	85	90
0.23330544075592818	Eelektrik	Electric		405	65	85	70	75	70	40
0.7838141744963647	Eelektross	Electric		515	85	115	80	105	80	50
0.16839883303606507	Beheeyem	Psychic		485	75	75	75	125	95	40
0.5364176986247218	Lampent	Ghost	Fire	370	60	40	60	95	60	55
0.737767616684416	Chandelure	Ghost	Fire	520	60	55	90	145	90	80
0.9476879759910825	Axew	Dragon		320	46	87	60	30	40	57
0.4226211422989603	Fraxure	Dragon		410	66	117	70	40	50	67
0.45489447011330375	Haxorus	Dragon		540	76	147	90	60	70	97
0.9131941986785903	Beartic	Ice		485	95	110	80	70	80	50
0.9055606604059725	Shelmet	Bug		305	50	40	85	40	65	25
0.4306869822486862	Stunfisk	Ground	Electric	471	109	66	84	81	99	32
0.7751199678803059	Mienshao	Fighting		510	65	125	60	95	60	105
0.8251452460294485	Druddigon	Dragon		485	77	120	90	60	90	48
0.7347347777297553	Golurk	Ground	Ghost	483	89	124	80	55	80	55
0.07695647996098176	Pawniard	Dark	Steel	340	45	85	70	40	40	60
0.8239396140990763	Bisharp	Dark	Steel	490	65	125	100	60	70	70
0.3731131420303664	Bouffalant	Normal		490	95	110	95	40	95	55
0.8465881279692926	Braviary	Normal	Flying	510	100	123	75	57	75	80
0.5073556181765251	Vullaby	Dark	Flying	370	70	55	75	45	65	60
0.8745639351031009	Mandibuzz	Dark	Flying	510	110	65	105	55	95	80
0.18938546449012195	Heatmor	Fire		484	85	97	66	105	66	65
0.8933006463323658	Durant	Bug	Steel	484	58	109	112	48	48	109
0.49429460358830024	Zweilous	Dark	Dragon	420	72	85	70	65	70	58
0.09091839327722817	Hydreigon	Dark	Dragon	600	92	105	90	125	90	98
0.26906775424251195	Volcarona	Bug	Fire	550	85	60	65	135	105	100
0.21641819325468503	Cobalion	Steel	Fighting	580	91	90	129	90	72	108
0.7964941566465298	Terrakion	Rock	Fighting	580	91	129	90	72	90	108
0.9027003118884485	Virizion	Grass	Fighting	580	91	90	72	90	129	108
0.43420249539162303	TornadusIncarnate Forme	Flying		580	79	115	70	125	80	111
0.16113607550446096	TornadusTherian Forme	Flying		580	79	100	80	110	90	121
0.6620663970117799	ThundurusIncarnate Forme	Electric	Flying	580	79	115	70	125	80	111
0.15309222546401435	ThundurusTherian Forme	Electric	Flying	580	79	105	70	145	80	101
0.9273025017581389	Reshiram	Dragon	Fire	680	100	120	100	150	120	90
0.2803806430511232	Zekrom	Dragon	Electric	680	100	150	120	120	100	90
0.643703525843416	LandorusIncarnate Forme	Ground	Flying	600	89	125	90	115	80	101
0.014401415741155499	LandorusTherian Forme	Ground	Flying	600	89	145	90	105	80	91
0.5282503311795153	Kyurem	Dragon	Ice	660	125	130	90	130	90	95
0.3092129892164637	KyuremBlack Kyurem	Dragon	Ice	700	125	170	100	120	90	95
0.32158636193924706	KyuremWhite Kyurem	Dragon	Ice	700	125	120	90	170	100	95
0.9764657540395595	KeldeoOrdinary Forme	Water	Fighting	580	91	72	90	129	90	108
0.5933978344715218	KeldeoResolute Forme	Water	Fighting	580	91	72	90	129	90	108
0.8027731387204875	MeloettaAria Forme	Normal	Psychic	600	100	77	77	128	128	90
0.3626316073027389	MeloettaPirouette Forme	Normal	Fighting	600	100	128	90	77	77	128
0.17848626514512933	Genesect	Bug	Steel	600	71	120	95	120	95	99
0.3268330983059412	Chespin	Grass		313	56	61	65	48	45	38
0.4999296562646153	Quilladin	Grass		405	61	78	95	56	58	57
0.5839555968258993	Chesnaught	Grass	Fighting	530	88	107	122	74	75	64
0.9770171299471231	Braixen	Fire		409	59	59	58	90	70	73
0.4111643112783673	Delphox	Fire	Psychic	534	75	69	72	114	100	104
0.7999939365178889	Greninja	Water	Dark	530	72	95	67	103	71	122
0.33393894980560734	Diggersby	Normal	Ground	423	85	56	77	50	77	78
0.921164049832477	Talonflame	Fire	Flying	499	78	81	71	74	69	126
0.8488034965889807	Spewpa	Bug		213	45	22	60	27	30	29
0.22130418067081115	Litleo	Fire	Normal	369	62	50	58	73	54	72
0.556035503010598	Pyroar	Fire	Normal	507	86	68	72	109	66	106
0.24061246714693152	Florges	Fairy		552	78	65	68	112	154	75
0.4946154821718478	Gogoat	Grass		531	123	100	62	97	81	68
0.3481792581431299	Pancham	Fighting		348	67	82	62	46	48	43
0.358475740340651	Pangoro	Fighting	Dark	495	95	124	78	69	71	58
0.5429272682197923	Furfrou	Normal		472	75	80	60	65	90	102
0.2969303651973211	MeowsticMale	Psychic		466	74	48	76	83	81	104
0.566688203547081	MeowsticFemale	Psychic		466	74	48	76	83	81	104
0.7772734574660431	Honedge	Steel	Ghost	325	45	80	100	35	37	28
0.6636356908491401	Doublade	Steel	Ghost	448	59	110	150	45	49	35
0.706300640503852	AegislashShield Forme	Steel	Ghost	520	60	50	150	50	150	60
0.8398759804362252	Spritzee	Fairy		341	78	52	60	63	65	23
0.690451645872917	Aromatisse	Fairy		462	101	72	72	99	89	29
0.5159260363209007	Swirlix	Fairy		341	62	48	66	59	57	49
0.06001686327136779	Slurpuff	Fairy		480	82	80	86	85	75	72
0.8795317852235048	Malamar	Dark	Psychic	482	86	92	88	68	75	73
0.518161963457019	Binacle	Rock	Water	306	42	52	67	39	56	50
0.3463647333548754	Barbaracle	Rock	Water	500	72	105	115	54	86	68
0.005278592558511819	Skrelp	Poison	Water	320	50	60	60	60	60	30
0.3342814940469263	Dragalge	Poison	Dragon	494	65	75	90	97	123	44
0.42637941322775685	Clauncher	Water		330	50	53	62	58	63	44
0.018854286409081156	Clawitzer	Water		500	71	73	88	120	89	59
0.18505022047540676	Tyrunt	Rock	Dragon	362	58	89	77	45	45	48
0.0327308275938355	Tyrantrum	Rock	Dragon	521	82	121	119	69	59	71
0.24111219807974493	Aurorus	Rock	Ice	521	123	77	72	99	92	58
0.8211258556234672	Sylveon	Fairy		525	95	65	65	110	130	60
0.4780138635312646	Hawlucha	Fighting	Flying	500	78	92	75	74	63	118
0.8955816011568486	Dedenne	Electric	Fairy	431	67	58	57	81	67	101
0.17557381847763776	Carbink	Rock	Fairy	500	50	50	150	50	150	50
0.8163796354095149	Goodra	Dragon		600	90	100	70	110	150	80
0.057664687052976116	Klefki	Steel	Fairy	470	57	80	91	80	87	75
0.8620882811491012	Trevenant	Ghost	Grass	474	85	110	76	65	82	56
0.7745234307236154	PumpkabooAverage Size	Ghost	Grass	335	49	66	70	44	55	51
0.9472568631303053	PumpkabooSmall Size	Ghost	Grass	335	44	66	70	44	55	56
0.41547649451109214	PumpkabooLarge Size	Ghost	Grass	335	54	66	70	44	55	46
0.06391775819176237	PumpkabooSuper Size	Ghost	Grass	335	59	66	70	44	55	41
0.1879868009858784	GourgeistAverage Size	Ghost	Grass	494	65	90	122	58	75	84
0.9401479467687857	GourgeistSmall Size	Ghost	Grass	494	55	85	122	58	75	99
0.27919849711902867	GourgeistLarge Size	Ghost	Grass	494	75	95	122	58	75	69
0.5234203103889433	GourgeistSuper Size	Ghost	Grass	494	85	100	122	58	75	54
8.294623963640557E-4	Bergmite	Ice		304	55	69	85	32	35	28
0.5549106737584625	Avalugg	Ice		514	95	117	184	44	46	28
0.04972669309699895	Noivern	Flying	Dragon	535	85	70	80	97	80	123
0.8535150476927066	Xerneas	Fairy		680	126	131	95	131	98	99
0.36516048525394806	Yveltal	Dark	Flying	680	126	131	95	131	98	99
0.8783937622851549	Zygarde50% Forme	Dragon	Ground	600	108	100	121	81	95	95
0.9786264971127824	Diancie	Rock	Fairy	600	50	100	150	100	150	50
0.7928388036419939	DiancieMega Diancie	Rock	Fairy	700	50	160	110	160	110	110
0.10930341839290292	HoopaHoopa Confined	Psychic	Ghost	600	80	110	60	150	130	70
0.1697305054774223	HoopaHoopa Unbound	Psychic	Dark	680	80	160	60	170	130	80
0.8132656487085671	Volcanion	Fire	Water	600	80	110	120	130	90	70
