0.9995747578094993	Electabuzz	Electric		490	65	83	57	95	85	105
0.9970990363162391	Rhydon	Ground	Rock	485	105	130	120	45	45	40
0.9937986622884878	Victini	Psychic	Fire	600	100	100	100	100	100	100
0.9937493870879772	Bergmite	Ice		304	55	69	85	32	35	28
0.9929182404238247	Zangoose	Normal		458	73	115	60	60	60	90
0.9908770330393876	Emolga	Electric	Flying	428	55	75	60	75	60	103
0.9906802392511729	AltariaMega Altaria	Dragon	Fairy	590	75	110	110	110	105	80
0.9879208726576251	Drapion	Poison	Dark	500	70	90	110	60	75	95
0.9841450857891971	Emboar	Fire	Fighting	528	110	123	65	100	65	65
0.9833108432805775	BlastoiseMega Blastoise	Water		630	79	103	120	135	115	78
0.980937325358361	Chimecho	Psychic		425	65	50	70	95	80	65
0.9778368687739959	Mienshao	Fighting		510	65	125	60	95	60	105
0.9762131632662642	Scrafty	Dark	Fighting	488	65	90	115	45	115	58
0.9742930476261766	Shelmet	Bug		305	50	40	85	40	65	25
0.9727088062266773	Pancham	Fighting		348	67	82	62	46	48	43
0.9726060295564997	PumpkabooAverage Size	Ghost	Grass	335	49	66	70	44	55	51
0.9719839539407925	Dragonite	Dragon	Flying	600	91	134	95	100	100	80
0.9669709540931939	Mamoswine	Ice	Ground	530	110	130	80	70	60	80
0.9629266033615954	KyuremBlack Kyurem	Dragon	Ice	700	125	170	100	120	90	95
0.9619728502911534	Conkeldurr	Fighting		505	105	140	95	55	65	45
0.9610110520761658	MewtwoMega Mewtwo X	Psychic	Fighting	780	106	190	100	154	100	130
0.9596351109084248	Swampert	Water	Ground	535	100	110	90	85	90	60
0.9546814005788946	Heatran	Fire	Steel	600	91	90	106	130	106	77
0.9517706333448842	Braixen	Fire		409	59	59	58	90	70	73
0.9478489812788725	Machamp	Fighting		505	90	130	80	65	85	55
0.9466046863590473	Blaziken	Fire	Fighting	530	80	120	70	110	70	80
0.9443405253286471	WormadamPlant Cloak	Bug	Grass	424	60	59	85	79	105	36
0.9441956803194802	Registeel	Steel		580	80	75	150	75	150	50
0.9440454651341962	Finneon	Water		330	49	49	56	49	61	66
0.9423693817089779	Abomasnow	Grass	Ice	494	90	92	75	92	85	60
0.9421459725422787	Noivern	Flying	Dragon	535	85	70	80	97	80	123
0.941481999881573	Mantine	Water	Flying	465	65	40	70	80	140	70
0.9360562920365416	Cofagrigus	Ghost		483	58	50	145	95	105	30
0.9348099269603857	Nincada	Bug	Ground	266	31	45	90	30	30	40
0.933589484497	Amoonguss	Grass	Poison	464	114	85	70	85	80	30
0.9333262423723393	Swablu	Normal	Flying	310	45	40	60	40	75	50
0.9303050034421011	Simisage	Grass		498	75	98	63	98	63	101
0.9299157451918733	Sawsbuck	Normal	Grass	475	80	100	70	60	70	95
0.9286084015500832	Jolteon	Electric		525	65	65	60	110	95	130
0.9280920732811793	Miltank	Normal		490	95	80	105	40	70	100
0.9262680233733344	Weezing	Poison		490	65	90	120	85	70	60
0.9255075669894484	Furret	Normal		415	85	76	64	45	55	90
0.9245587417177732	KeldeoResolute Forme	Water	Fighting	580	91	72	90	129	90	108
0.9207720926088474	Altaria	Dragon	Flying	490	75	70	90	70	105	80
0.9180631147239773	Stunfisk	Ground	Electric	471	109	66	84	81	99	32
0.9129375559653502	Xatu	Psychic	Flying	470	65	75	70	95	70	95
0.9128811033911575	Tangela	Grass		435	65	55	115	100	40	60
0.9124673543802474	Kecleon	Normal		440	60	90	70	60	120	40
0.9103266554569814	Reshiram	Dragon	Fire	680	100	120	100	150	120	90
0.9080798518949558	Breloom	Grass	Fighting	460	60	130	80	60	60	70
0.9064632086798239	Whiscash	Water	Ground	468	110	78	73	76	71	60
0.9054900255311839	Articuno	Ice	Flying	580	90	85	100	95	125	85
0.9046478499119323	Machoke	Fighting		405	80	100	70	50	60	45
0.9026696006515635	Mesprit	Psychic		580	80	105	105	105	105	80
0.9021486010582218	Watchog	Normal		420	60	85	69	60	69	77
0.9013348909870211	Swellow	Normal	Flying	430	60	85	60	50	50	125
0.8985112084230898	TornadusIncarnate Forme	Flying		580	79	115	70	125	80	111
0.8979409500825499	Dusclops	Ghost		455	40	70	130	60	130	25
0.8971192328993701	Chikorita	Grass		318	45	49	65	49	65	45
0.8964327093750418	Rayquaza	Dragon	Flying	680	105	150	90	150	90	95
0.8961903580855193	Tyrunt	Rock	Dragon	362	58	89	77	45	45	48
0.8960097769241054	Sealeo	Ice	Water	410	90	60	70	75	70	45
0.8926752309138939	Vullaby	Dark	Flying	370	70	55	75	45	65	60
0.8910374680940857	Bouffalant	Normal		490	95	110	95	40	95	55
0.8907001285713065	Spiritomb	Ghost	Dark	485	50	92	108	92	108	35
0.88843448749969	Magnemite	Electric	Steel	325	25	35	70	95	55	45
0.8862514457630334	MeowsticFemale	Psychic		466	74	48	76	83	81	104
0.8817912656927116	Venipede	Bug	Poison	260	30	45	59	30	39	57
0.8758118315388066	Cherrim	Grass		450	70	60	70	87	78	85
0.8732100191519275	Mewtwo	Psychic		680	106	110	90	154	90	130
0.8719291357998996	Scizor	Bug	Steel	500	70	130	100	55	80	65
0.8711885751673342	AmpharosMega Ampharos	Electric	Dragon	610	90	95	105	165	110	45
0.8706598984630031	Regigigas	Normal		670	110	160	110	80	110	100
0.8700257611929723	Walrein	Ice	Water	530	110	80	90	95	90	65
0.8691385034940989	WormadamSandy Cloak	Bug	Ground	424	60	79	105	59	85	36
0.8658166936695637	Dewgong	Water	Ice	475	90	70	80	70	95	70
0.865727471810432	Carracosta	Water	Rock	495	74	108	133	83	65	32
0.865620540258519	Porygon2	Normal		515	85	80	90	105	95	60
0.8639793110017893	Trevenant	Ghost	Grass	474	85	110	76	65	82	56
0.8637509947861988	AerodactylMega Aerodactyl	Rock	Flying	615	80	135	85	70	95	150
0.8623932932492837	Gligar	Ground	Flying	430	65	75	105	35	65	85
0.8563792088553961	KeldeoOrdinary Forme	Water	Fighting	580	91	72	90	129	90	108
0.8545897191982208	Swadloon	Bug	Grass	380	55	63	90	50	80	42
0.853529598262471	Zoroark	Dark		510	60	105	60	120	60	105
0.8516443034947287	Tyranitar	Rock	Dark	600	100	134	110	95	100	61
0.8514356712420783	Aron	Steel	Rock	330	50	70	100	40	40	30
0.8496059459955881	Zekrom	Dragon	Electric	680	100	150	120	120	100	90
0.8476707621244283	Tirtouga	Water	Rock	355	54	78	103	53	45	22
0.8439604435931927	Raikou	Electric		580	90	85	75	115	100	115
0.8399891862139738	Reuniclus	Psychic		490	110	65	75	125	85	30
0.8386016361361052	Rapidash	Fire		500	65	100	70	80	80	105
0.8385989744818703	Clefable	Fairy		483	95	70	73	95	90	60
0.8369372932370633	Kangaskhan	Normal		490	105	95	80	40	80	90
0.8355272728526318	Beheeyem	Psychic		485	75	75	75	125	95	40
0.8340748742263306	GarchompMega Garchomp	Dragon	Ground	700	108	170	115	120	95	92
0.8334075159745384	Torterra	Grass	Ground	525	95	109	105	75	85	56
0.8332410412027064	Hippopotas	Ground		330	68	72	78	38	42	32
0.8329200534527897	Gardevoir	Psychic	Fairy	518	68	65	65	125	115	80
0.828612394344012	Mr. Mime	Psychic	Fairy	460	40	45	65	100	120	90
0.8243625650557181	Sylveon	Fairy		525	95	65	65	110	130	60
0.8222726727950559	Sandshrew	Ground		300	50	75	85	20	30	40
0.8190440691478901	Lickilicky	Normal		515	110	85	95	80	95	50
0.8189757627880562	Ludicolo	Water	Grass	480	80	70	70	90	100	70
0.8187318391285214	Slaking	Normal		670	150	160	100	95	65	100
0.816720096331098	Axew	Dragon		320	46	87	60	30	40	57
0.8163826787274832	Togekiss	Fairy	Flying	545	85	50	95	120	115	80
0.8150566786351668	Weavile	Dark	Ice	510	70	120	65	45	85	125
0.8149746277747923	Golduck	Water		500	80	82	78	95	80	85
0.8127376341557744	Manectric	Electric		475	70	75	60	105	60	105
0.8116783546602312	Togetic	Fairy	Flying	405	55	40	85	80	105	40
0.8107373543693186	PidgeotMega Pidgeot	Normal	Flying	579	83	80	80	135	80	121
0.8100494048578171	Talonflame	Fire	Flying	499	78	81	71	74	69	126
0.8053457695766413	Garchomp	Dragon	Ground	600	108	130	95	80	85	102
0.8053181601694585	Aromatisse	Fairy		462	101	72	72	99	89	29
0.8029680375275274	Cinccino	Normal		470	75	95	60	65	60	115
0.801930912429046	GiratinaAltered Forme	Ghost	Dragon	680	150	100	120	100	120	90
0.8006418521069958	Turtwig	Grass		318	55	68	64	45	55	31
0.8005946216809557	Umbreon	Dark		525	95	65	110	60	130	65
0.7959833752852578	Delcatty	Normal		380	70	65	65	55	55	70
0.795035006956268	Lumineon	Water		460	69	69	76	69	86	91
0.7946389272581983	Poliwrath	Water	Fighting	510	90	95	95	70	90	70
0.7914448543830489	GourgeistSuper Size	Ghost	Grass	494	85	100	122	58	75	54
0.7902922749243547	Combusken	Fire	Fighting	405	60	85	60	85	60	55
0.7871034305013631	PinsirMega Pinsir	Bug	Flying	600	65	155	120	65	90	105
0.7850088348762438	RayquazaMega Rayquaza	Dragon	Flying	780	105	180	100	180	100	115
0.7842624459125705	Roggenrola	Rock		280	55	75	85	25	25	15
0.7832233482148862	Duskull	Ghost		295	20	40	90	30	90	25
0.7777825866149873	Sewaddle	Bug	Grass	310	45	53	70	40	60	42
0.77675978462296	Xerneas	Fairy		680	126	131	95	131	98	99
0.7697719931688422	Kabutops	Rock	Water	495	60	115	105	65	70	80
0.7668879186632683	ThundurusTherian Forme	Electric	Flying	580	79	105	70	145	80	101
0.7646071885399315	Beldum	Steel	Psychic	300	40	55	80	35	60	30
0.7605960159378321	Victreebel	Grass	Poison	490	80	105	65	100	70	70
0.7601218898000772	Clawitzer	Water		500	71	73	88	120	89	59
0.758499065176195	Bisharp	Dark	Steel	490	65	125	100	60	70	70
0.7558047013710036	Palkia	Water	Dragon	680	90	120	100	150	120	100
0.7528048538123212	Doublade	Steel	Ghost	448	59	110	150	45	49	35
0.7519589105201024	Scyther	Bug	Flying	500	70	110	80	55	80	105
0.7492613001016496	Bonsly	Rock		290	50	80	95	10	45	10
0.7473551629736764	GourgeistAverage Size	Ghost	Grass	494	65	90	122	58	75	84
0.7467783076013906	Forretress	Bug	Steel	465	75	90	140	60	60	40
0.745696728008316	MetagrossMega Metagross	Steel	Psychic	700	80	145	150	105	110	110
0.7443859722247133	Gengar	Ghost	Poison	500	60	65	60	130	75	110
0.7430061812997716	Metang	Steel	Psychic	420	60	75	100	55	80	50
0.7402421412856668	Tyrantrum	Rock	Dragon	521	82	121	119	69	59	71
0.7367461580995864	Hawlucha	Fighting	Flying	500	78	92	75	74	63	118
0.7367139725532911	Servine	Grass		413	60	60	75	60	75	83
0.7347377174466192	TornadusTherian Forme	Flying		580	79	100	80	110	90	121
0.7344246945834245	Feraligatr	Water		530	85	105	100	79	83	78
0.733224592806372	Snorlax	Normal		540	160	110	65	65	110	30
0.7321918151323481	Nidoking	Poison	Ground	505	81	102	77	85	75	85
0.7288929858054496	Pelipper	Water	Flying	430	60	50	100	85	70	65
0.7256800951215074	Staraptor	Normal	Flying	485	85	120	70	50	60	100
0.723971806727319	Malamar	Dark	Psychic	482	86	92	88	68	75	73
0.7232006390747372	Klefki	Steel	Fairy	470	57	80	91	80	87	75
0.7226410976204133	Tentacruel	Water	Poison	515	80	70	65	80	120	100
0.718987704740001	RotomFrost Rotom	Electric	Ice	520	50	65	107	105	107	86
0.7185145466192439	LandorusIncarnate Forme	Ground	Flying	600	89	125	90	115	80	101
0.7179997181550704	Gloom	Grass	Poison	395	60	65	70	85	75	40
0.7173968430731001	Serperior	Grass		528	75	75	95	75	95	113
0.7170913752420451	Purugly	Normal		452	71	82	64	64	59	112
0.7159816538050938	Chesnaught	Grass	Fighting	530	88	107	122	74	75	64
0.7135246389114909	Herdier	Normal		370	65	80	65	35	65	60
0.7105117496236032	HoopaHoopa Confined	Psychic	Ghost	600	80	110	60	150	130	70
0.7078084799439646	Audino	Normal		445	103	60	86	60	86	50
0.7047186117993287	Probopass	Rock	Steel	525	60	55	145	75	150	40
0.7045112446217113	Stoutland	Normal		500	85	110	90	45	90	80
0.7033772286811696	GourgeistLarge Size	Ghost	Grass	494	75	95	122	58	75	69
0.703278490643011	Lucario	Fighting	Steel	525	70	110	70	115	70	90
0.6988675481064014	Seadra	Water		440	55	65	95	95	45	85
0.6981229622357172	Eelektrik	Electric		405	65	85	70	75	70	40
0.6962227734442258	MewtwoMega Mewtwo Y	Psychic		780	106	150	70	194	120	140
0.6929146159731995	Banette	Ghost		455	64	115	65	83	63	65
0.6921208745497999	Exeggutor	Grass	Psychic	520	95	95	85	125	65	55
0.6913310900950749	Cacturne	Grass	Dark	475	70	115	60	115	60	55
0.6904462493027755	Girafarig	Normal	Psychic	455	70	80	65	90	65	85
0.6904149359371333	BlazikenMega Blaziken	Fire	Fighting	630	80	160	80	130	80	100
0.686023651370552	Garbodor	Poison		474	80	95	82	60	82	75
0.6826965785506417	Gorebyss	Water		485	55	84	105	114	75	52
0.682588651839213	Fearow	Normal	Flying	442	65	90	65	61	61	100
0.6820710686393551	Kyurem	Dragon	Ice	660	125	130	90	130	90	95
0.6789367653608182	Gogoat	Grass		531	123	100	62	97	81	68
0.6779190572115719	Milotic	Water		540	95	60	79	100	125	81
0.6758833206755349	Ninetales	Fire		505	73	76	75	81	100	100
0.6752472198032687	MeloettaAria Forme	Normal	Psychic	600	100	77	77	128	128	90
0.6729593378586102	AbomasnowMega Abomasnow	Grass	Ice	594	90	132	105	132	105	30
0.6643260823327011	Whirlipede	Bug	Poison	360	40	55	99	40	79	47
0.6642255988733814	Venomoth	Bug	Poison	450	70	65	60	90	75	90
0.66372895316713	Aerodactyl	Rock	Flying	515	80	105	65	60	75	130
0.6630809942154298	PumpkabooLarge Size	Ghost	Grass	335	54	66	70	44	55	46
0.653924476880262	Skorupi	Poison	Bug	330	40	50	90	30	55	65
0.6525897301639187	DiancieMega Diancie	Rock	Fairy	700	50	160	110	160	110	110
0.6518742461379641	Froslass	Ice	Ghost	480	70	80	70	80	70	110
0.6497496548412482	Dialga	Steel	Dragon	680	100	120	120	150	100	90
0.6484693863759103	HeracrossMega Heracross	Bug	Fighting	600	80	185	115	40	105	75
0.6473499762984843	Marshtomp	Water	Ground	405	70	85	70	60	70	50
0.6464353284685349	Gigalith	Rock		515	85	135	130	60	80	25
0.6427835511517127	Spinda	Normal		360	60	60	60	60	60	60
0.6408681477162955	Manaphy	Water		600	100	100	100	100	100	100
0.6362412804901335	Piloswine	Ice	Ground	450	100	100	80	60	60	50
0.6361178792311986	Politoed	Water		500	90	75	75	90	100	70
0.6332896867036196	VenusaurMega Venusaur	Grass	Poison	625	80	100	123	122	120	80
0.6289757112655222	Dusknoir	Ghost		525	45	100	135	65	135	45
0.6286425273916426	Roserade	Grass	Poison	515	60	70	65	125	105	90
0.6254428575327055	Luxray	Electric		523	80	120	79	95	79	70
0.6237437538978461	Espeon	Psychic		525	65	65	60	130	95	110
0.6203791324889576	Crawdaunt	Water	Dark	468	63	120	85	90	55	55
0.6195115864781932	Horsea	Water		295	30	40	70	70	25	60
0.6193547689470241	Klinklang	Steel		520	60	100	115	70	85	90
0.6192819124581243	Flareon	Fire		525	65	130	60	95	110	65
0.6189508323965915	Spritzee	Fairy		341	78	52	60	63	65	23
0.6183293311127737	Delphox	Fire	Psychic	534	75	69	72	114	100	104
0.6177436611239322	Shiftry	Grass	Dark	480	90	100	60	90	60	80
0.6171885766945834	Linoone	Normal		420	78	70	61	50	61	100
0.6165140445354028	AbsolMega Absol	Dark		565	65	150	60	115	60	115
0.615228690906263	GardevoirMega Gardevoir	Psychic	Fairy	618	68	85	65	165	135	100
0.614319758950509	Grotle	Grass		405	75	89	85	55	65	36
0.6128887901535848	Ursaring	Normal		500	90	130	75	75	75	55
0.6100663743245153	KyogrePrimal Kyogre	Water		770	100	150	90	180	160	90
0.6094356264651559	Koffing	Poison		340	40	65	95	60	45	35
0.608070267444326	DarmanitanZen Mode	Fire	Psychic	540	105	30	105	140	105	55
0.6053496498241473	Vanillish	Ice		395	51	65	65	80	75	59
0.6039805645534041	Florges	Fairy		552	78	65	68	112	154	75
0.6037574887619451	Dustox	Bug	Poison	385	60	50	70	50	90	65
0.6022738616914196	Blastoise	Water		530	79	83	100	85	105	78
0.6022712224795161	Porygon-Z	Normal		535	85	80	70	135	75	90
0.6018463687010733	Primeape	Fighting		455	65	105	60	60	70	95
0.5990902310524636	Samurott	Water		528	95	100	85	108	70	70
0.5986140270260676	GalladeMega Gallade	Psychic	Fighting	618	68	165	95	65	115	110
0.5981048878403237	Quilava	Fire		405	58	64	58	80	65	80
0.597786565283962	HoundoomMega Houndoom	Dark	Fire	600	75	90	90	140	90	115
0.5877853538808048	Crobat	Poison	Flying	535	85	90	80	70	80	130
0.5872259005164814	Zapdos	Electric	Flying	580	90	90	85	125	90	100
0.5853221972655096	Vaporeon	Water		525	130	65	60	110	95	65
0.5847566220651943	Ferrothorn	Grass	Steel	489	74	94	131	54	116	20
0.5836222916537247	Magcargo	Fire	Rock	410	50	50	120	80	80	30
0.5828205056347606	Sceptile	Grass		530	70	85	65	105	85	120
0.5816743772688552	Krookodile	Ground	Dark	519	95	117	80	65	70	92
0.5730314765846216	CameruptMega Camerupt	Fire	Ground	560	70	120	100	145	105	20
0.5662262949765218	Wartortle	Water		405	59	63	80	65	80	58
0.5574620602880366	Phione	Water		480	80	80	80	80	80	80
0.5566956964640357	Pangoro	Fighting	Dark	495	95	124	78	69	71	58
0.5539874125708583	Skrelp	Poison	Water	320	50	60	60	60	60	30
0.5535221958971931	Litleo	Fire	Normal	369	62	50	58	73	54	72
0.5529263144044902	WormadamTrash Cloak	Bug	Steel	424	60	69	95	69	95	36
0.5521515433985843	Electrode	Electric		480	60	50	70	80	80	140
0.5506757336793204	Throh	Fighting		465	120	100	85	30	85	45
0.5498042633609762	Basculin	Water		460	70	92	65	80	55	98
0.5479095707653041	Geodude	Rock	Ground	300	40	80	100	30	30	20
0.5439066425289227	Salamence	Dragon	Flying	600	95	135	80	110	80	100
0.540153516424562	DeoxysSpeed Forme	Psychic		600	50	95	90	95	90	180
0.5398386450381939	Gastrodon	Water	Ground	475	111	83	68	92	82	39
0.539779775043654	Unfezant	Normal	Flying	488	80	115	80	65	55	93
0.5397454586943519	Corphish	Water		308	43	80	65	50	35	35
0.53517998697141	Relicanth	Water	Rock	485	100	90	130	45	65	55
0.5337144378468442	Gothitelle	Psychic		490	70	55	95	95	110	65
0.5329760478647726	CharizardMega Charizard Y	Fire	Flying	634	78	104	78	159	115	100
0.5328007460481013	Lapras	Water	Ice	535	130	85	80	85	95	60
0.5325544124603319	Cradily	Rock	Grass	495	86	81	97	81	107	43
0.5313662129280713	Toxicroak	Poison	Fighting	490	83	106	65	86	65	85
0.5310200061189568	Nidorino	Poison		365	61	72	57	55	55	65
0.529302537053987	Kingler	Water		475	55	130	115	50	50	75
0.5274126143683879	Mightyena	Dark		420	70	90	70	60	60	70
0.524494809141595	Celebi	Psychic	Grass	600	100	100	100	100	100	100
0.5236108389256318	Medicham	Fighting	Psychic	410	60	60	75	60	75	80
0.5218055479664001	Archeops	Rock	Flying	567	75	140	65	112	65	110
0.5215879026476651	ScizorMega Scizor	Bug	Steel	600	70	150	140	65	100	75
0.5215852274322332	Magneton	Electric	Steel	465	50	60	95	120	70	70
0.5163003519651872	Yveltal	Dark	Flying	680	126	131	95	131	98	99
0.5152222044896727	Marowak	Ground		425	60	80	110	50	80	45
0.5151128917191963	Venusaur	Grass	Poison	525	80	82	83	100	100	80
0.5110386419664436	Vanilluxe	Ice		535	71	95	85	110	95	79
0.5105349450596691	Eelektross	Electric		515	85	115	80	105	80	50
0.5102996229331441	Hippowdon	Ground		525	108	112	118	68	72	47
0.5092156292901978	Charizard	Fire	Flying	534	78	84	78	109	85	100
0.5086778796056035	Scolipede	Bug	Poison	485	60	100	89	55	69	112
0.5077126996896402	SwampertMega Swampert	Water	Ground	635	100	150	110	95	110	70
0.4955457094604808	Lairon	Steel	Rock	430	60	90	140	50	50	40
0.48934966959786563	Togepi	Fairy		245	35	20	65	40	65	20
0.4875587102001442	Musharna	Psychic		487	116	55	85	107	95	29
0.48713047606007065	Vigoroth	Normal		440	80	80	80	55	55	90
0.4812297092482557	Darkrai	Dark		600	70	90	90	135	90	125
0.47927898004026603	Porygon	Normal		395	65	60	70	85	75	40
0.47785282184616606	Maractus	Grass		461	75	86	67	106	67	60
0.4763437427234438	Misdreavus	Ghost		435	60	60	60	85	85	85
0.47456352979862415	SceptileMega Sceptile	Grass	Dragon	630	70	110	75	145	85	145
0.4743825334470454	Phanpy	Ground		330	90	60	60	40	40	40
0.4733826555590248	Dewott	Water		413	75	75	60	83	60	60
0.47206517820607563	Exeggcute	Grass	Psychic	325	60	40	80	60	45	40
0.47164081430484983	Volcanion	Fire	Water	600	80	110	120	130	90	70
0.47164073122716266	Zweilous	Dark	Dragon	420	72	85	70	65	70	58
0.4692525085315248	KangaskhanMega Kangaskhan	Normal		590	105	125	100	60	100	100
0.4667235397049021	Glalie	Ice		480	80	80	80	80	80	80
0.46347211310201486	Seismitoad	Water	Ground	509	105	95	75	85	75	74
0.46074517701738416	Steelix	Steel	Ground	510	75	85	200	55	65	30
0.454679457396273	Goodra	Dragon		600	90	100	70	110	150	80
0.4535691112259943	TyranitarMega Tyranitar	Rock	Dark	700	100	164	150	95	120	71
0.45039142072767313	Bibarel	Normal	Water	410	79	85	60	55	60	71
0.4497002074685693	Metagross	Steel	Psychic	600	80	135	130	95	90	70
0.44178054974384184	Greninja	Water	Dark	530	72	95	67	103	71	122
0.44055626453484875	Galvantula	Bug	Electric	472	70	77	60	97	60	108
0.43890075003993645	Crustle	Bug	Rock	475	70	95	125	65	75	45
0.43773551099059893	Cresselia	Psychic		600	120	70	120	75	130	85
0.4335899865900146	Rotom	Electric	Ghost	440	50	50	77	95	77	91
0.4318811834822571	Pawniard	Dark	Steel	340	45	85	70	40	40	60
0.42855254313942437	Sudowoodo	Rock		410	70	100	115	30	65	30
0.42721500217122255	Nosepass	Rock		375	30	45	135	45	90	30
0.42570316373344563	Seaking	Water		450	80	92	65	65	80	68
0.424588096442291	Lilligant	Grass		480	70	60	75	110	75	90
0.4242926684091515	BanetteMega Banette	Ghost		555	64	165	75	93	83	75
0.42165245260727846	Glaceon	Ice		525	65	60	110	130	95	65
0.4211722501915368	Tropius	Grass	Flying	460	99	68	83	72	87	51
0.4211233888702066	Rhyhorn	Ground	Rock	345	80	85	95	30	30	25
0.42111825669104486	Klink	Steel		300	40	55	70	45	60	30
0.4190898722302876	Spewpa	Bug		213	45	22	60	27	30	29
0.4153282527290809	Shieldon	Rock	Steel	350	30	42	118	42	88	30
0.4125163063359224	Genesect	Bug	Steel	600	71	120	95	120	95	99
0.4079260724824495	KyuremWhite Kyurem	Dragon	Ice	700	125	120	90	170	100	95
0.4066731547929835	Ariados	Bug	Poison	390	70	90	70	60	60	40
0.40651242390382436	Dunsparce	Normal		415	100	70	70	65	65	45
0.39755179396865215	Mawile	Steel	Fairy	380	50	85	85	55	55	50
0.39560517632868	Squirtle	Water		314	44	48	65	50	64	43
0.39558299064325575	Persian	Normal		440	65	70	60	65	65	115
0.39170134231595266	Druddigon	Dragon		485	77	120	90	60	90	48
0.3884345246909028	Klang	Steel		440	60	80	95	70	85	50
0.38631551922136476	Shuckle	Bug	Rock	505	20	10	230	10	230	5
0.3834222236763426	SalamenceMega Salamence	Dragon	Flying	700	95	145	130	120	90	120
0.3832667244618403	Bronzong	Steel	Psychic	500	67	89	116	79	116	33
0.38104483073106965	Mandibuzz	Dark	Flying	510	110	65	105	55	95	80
0.37780432679800124	Vespiquen	Bug	Flying	474	70	80	102	80	102	40
0.37568126278003233	Onix	Rock	Ground	385	35	45	160	30	45	70
0.37476392913801815	MawileMega Mawile	Steel	Fairy	480	50	105	125	55	95	50
0.37380120967191854	Moltres	Fire	Flying	580	90	100	90	125	85	90
0.37328278955802763	Skuntank	Poison	Dark	479	103	93	67	71	61	84
0.3708248974267281	Aggron	Steel	Rock	530	70	110	180	60	60	50
0.3706603525243958	Claydol	Ground	Psychic	500	60	70	105	70	120	75
0.3705028002771982	Latias	Dragon	Psychic	600	80	80	90	110	130	110
0.3691782708577531	RotomHeat Rotom	Electric	Fire	520	50	65	107	105	107	86
0.3675012179666113	Cloyster	Water	Ice	525	50	95	180	85	45	70
0.36531969459018887	Slurpuff	Fairy		480	82	80	86	85	75	72
0.3620122919008424	Heracross	Bug	Fighting	500	80	125	75	40	95	85
0.3617428060638107	Azelf	Psychic		580	75	125	70	125	70	115
0.3615107242268131	Aurorus	Rock	Ice	521	123	77	72	99	92	58
0.3601792602785173	Krabby	Water		325	30	105	90	25	25	50
0.3568814398705261	Beartic	Ice		485	95	110	80	70	80	50
0.35544343699449055	Gurdurr	Fighting		405	85	105	85	40	50	40
0.35156799967364993	Scraggy	Dark	Fighting	348	50	75	70	35	70	48
0.35124213454180386	Dragalge	Poison	Dragon	494	65	75	90	97	123	44
0.34480206104076927	Clamperl	Water		345	35	64	85	74	55	32
0.33918753031867566	Tangrowth	Grass		535	100	100	125	110	50	50
0.33772864389109625	AudinoMega Audino	Normal	Fairy	545	103	60	126	80	126	50
0.33333070805480347	Corsola	Water	Rock	380	55	55	85	65	85	35
0.33158924627412967	GourgeistSmall Size	Ghost	Grass	494	55	85	122	58	75	99
0.3273197390476754	Jellicent	Water	Ghost	480	100	60	70	85	105	60
0.3252525018174308	Dedenne	Electric	Fairy	431	67	58	57	81	67	101
0.32434698896033176	Exploud	Normal		490	104	91	63	91	73	68
0.32356141343561473	Infernape	Fire	Fighting	534	76	104	71	104	71	108
0.3219133262085726	Starmie	Water	Psychic	520	60	75	85	100	85	115
0.318512524447634	SharpedoMega Sharpedo	Water	Dark	560	70	140	70	110	65	105
0.31088916676543366	Haxorus	Dragon		540	76	147	90	60	70	97
0.3088647960908285	Sawk	Fighting		465	75	125	75	30	75	85
0.30819574527491567	Terrakion	Rock	Fighting	580	91	129	90	72	90	108
0.3077595795843625	Arcanine	Fire		555	90	110	80	100	80	95
0.3057113105140097	Castform	Normal		420	70	70	70	70	70	70
0.3047794920519513	Nidoqueen	Poison	Ground	505	90	92	87	75	85	76
0.3027252920817525	SableyeMega Sableye	Dark	Ghost	480	50	85	125	85	115	20
0.30189692338936547	Fraxure	Dragon		410	66	117	70	40	50	67
0.2990190903747296	Pineco	Bug		290	50	65	90	35	35	15
0.2983234351896453	Honedge	Steel	Ghost	325	45	80	100	35	37	28
0.2935004799340095	Stantler	Normal		465	73	95	62	85	65	85
0.2897981381598148	Quilladin	Grass		405	61	78	95	56	58	57
0.28946573303932144	SteelixMega Steelix	Steel	Ground	610	75	125	230	55	95	30
0.28945132524136696	Lopunny	Normal		480	65	76	84	54	96	105
0.2870295729685556	Absol	Dark		465	65	130	60	75	60	75
0.28464491684747506	Pyroar	Fire	Normal	507	86	68	72	109	66	106
0.27971746495377114	Groudon	Ground		670	100	150	140	100	90	90
0.27564159182073267	Qwilfish	Water	Poison	430	65	95	75	55	55	85
0.2751635388668543	Yamask	Ghost		303	38	30	85	55	65	30
0.2718045580298193	LatiosMega Latios	Dragon	Psychic	700	80	130	100	160	120	110
0.27006271822293515	Goldeen	Water		320	45	67	60	35	50	63
0.2674301749518152	Dragonair	Dragon		420	61	84	65	70	70	70
0.264823204595229	Excadrill	Ground	Steel	508	110	135	60	50	65	88
0.26195914464633185	Diggersby	Normal	Ground	423	85	56	77	50	77	78
0.26159087639746814	Slowbro	Water	Psychic	490	95	75	110	100	80	30
0.25742270412429824	Hydreigon	Dark	Dragon	600	92	105	90	125	90	98
0.25502082194886433	Ambipom	Normal		482	75	100	66	60	66	115
0.2537014712150282	Slakoth	Normal		280	60	60	60	35	35	30
0.2508156781887998	Binacle	Rock	Water	306	42	52	67	39	56	50
0.2457183842903755	AegislashShield Forme	Steel	Ghost	520	60	50	150	50	150	60
0.24358207800088572	Omanyte	Rock	Water	355	35	40	100	90	55	35
0.24313918928270872	Hitmontop	Fighting		455	50	95	95	35	110	70
0.24153285882890707	Poliwhirl	Water		385	65	65	65	50	50	90
0.23965140211013292	Nidorina	Poison		365	70	62	67	55	55	56
0.239628895122309	Heatmor	Fire		484	85	97	66	105	66	65
0.23948108605488805	LopunnyMega Lopunny	Normal	Fighting	580	65	136	94	54	96	135
0.23759147107387268	GiratinaOrigin Forme	Ghost	Dragon	680	150	120	100	120	100	90
0.23746296134055656	Arceus	Normal		720	120	120	120	120	120	120
0.23627201516611274	Grumpig	Psychic		470	80	45	65	90	110	80
0.23387369191057217	ThundurusIncarnate Forme	Electric	Flying	580	79	115	70	125	80	111
0.23206268456776558	LatiasMega Latias	Dragon	Psychic	700	80	100	120	140	150	110
0.22836549771155623	Regice	Ice		580	80	50	100	100	200	50
0.2261191310204146	Empoleon	Water	Steel	530	84	86	88	111	101	60
0.22530612057787602	Volcarona	Bug	Fire	550	85	60	65	135	105	100
0.22456162874143748	Simipour	Water		498	75	98	63	98	63	101
0.2214088181950007	Chespin	Grass		313	56	61	65	48	45	38
0.21591934560725712	Diancie	Rock	Fairy	600	50	100	150	100	150	50
0.21292974208605375	Trubbish	Poison		329	50	50	62	40	62	65
0.21189055743774432	ShayminSky Forme	Grass	Flying	600	100	103	75	120	75	127
0.2086655759053383	Torkoal	Fire		470	70	85	140	85	70	20
0.20858421341308464	Barbaracle	Rock	Water	500	72	105	115	54	86	68
0.2078977772220737	Alomomola	Water		470	165	75	80	40	45	65
0.20749206465948877	MeowsticMale	Psychic		466	74	48	76	83	81	104
0.2046679018869908	Dodrio	Normal	Flying	460	60	110	70	60	60	100
0.20465035934839193	Chandelure	Ghost	Fire	520	60	55	90	145	90	80
0.20457753666377876	PumpkabooSuper Size	Ghost	Grass	335	59	66	70	44	55	41
0.2028213493177724	Bayleef	Grass		405	60	62	80	63	80	60
0.20220539894874567	DeoxysDefense Forme	Psychic		600	50	70	160	70	160	90
0.20144568022526832	Simisear	Fire		498	75	98	63	98	63	101
0.20065461958418163	Carbink	Rock	Fairy	500	50	50	150	50	150	50
0.1967460302268056	Virizion	Grass	Fighting	580	91	90	72	90	129	108
0.19626031845296166	Mew	Psychic		600	100	100	100	100	100	100
0.19312648954405054	Sigilyph	Psychic	Flying	490	72	58	80	103	80	97
0.1930627943575648	Escavalier	Bug	Steel	495	70	135	105	60	105	20
0.19167062865720397	Omastar	Rock	Water	495	70	60	125	115	70	55
0.18276283907573687	Golbat	Poison	Flying	455	75	80	70	65	75	90
0.18269455224533504	Graveler	Rock	Ground	390	55	95	115	45	45	35
0.17784988777160549	MeloettaPirouette Forme	Normal	Fighting	600	100	128	90	77	77	128
0.17699814646897782	Ho-oh	Fire	Flying	680	106	130	90	110	154	90
0.1764671834596142	Kingdra	Water	Dragon	540	75	95	95	95	95	85
0.17119873164580468	Bronzor	Steel	Psychic	300	57	24	86	24	86	23
0.1697884538739104	Latios	Dragon	Psychic	600	80	90	80	130	110	110
0.16752829995308471	MedichamMega Medicham	Fighting	Psychic	510	60	100	85	80	85	100
0.16516998514421077	Masquerain	Bug	Flying	414	70	60	62	80	82	60
0.16516484747678128	Rampardos	Rock		495	97	165	60	65	50	58
0.16358369020874708	Gliscor	Ground	Flying	510	75	95	125	45	75	95
0.16286131294528816	Golem	Rock	Ground	495	80	120	130	55	65	45
0.16204969482716258	Ampharos	Electric		510	90	75	85	115	90	55
0.16126389899304827	RotomFan Rotom	Electric	Flying	520	50	65	107	105	107	86
0.16068828854235262	Mismagius	Ghost		495	60	60	60	105	105	105
0.16013186480162112	Suicune	Water		580	100	75	115	90	115	85
0.15996662182791188	Leafeon	Grass		525	65	110	130	60	65	95
0.15891042503443342	Zebstrika	Electric		497	75	100	63	80	63	116
0.15616414982902616	Bastiodon	Rock	Steel	495	60	52	168	47	138	30
0.15595843935476483	Clauncher	Water		330	50	53	62	58	63	44
0.15487102247432505	LucarioMega Lucario	Fighting	Steel	625	70	145	88	140	70	112
0.15269869218285914	Lampent	Ghost	Fire	370	60	40	60	95	60	55
0.15191390147788042	Gyarados	Water	Flying	540	95	125	79	60	100	81
0.15162413578032796	Hariyama	Fighting		474	144	120	60	40	60	50
0.1516152056105008	Cubone	Ground		320	50	50	95	40	50	35
0.1454775625902388	Furfrou	Normal		472	75	80	60	65	90	102
0.13209502377815974	Jumpluff	Grass	Flying	460	75	55	70	55	95	110
0.1320590106838534	Magmortar	Fire		540	75	95	67	125	95	83
0.13091841176380947	Magnezone	Electric	Steel	535	70	70	115	130	90	60
0.12315573688002268	Sableye	Dark	Ghost	380	50	75	75	65	65	50
0.12271595101873756	Carnivine	Grass		454	74	100	72	90	72	46
0.12195383398258242	Cottonee	Grass	Fairy	280	40	27	60	37	50	66
0.12185458402426208	Zygarde50% Forme	Dragon	Ground	600	108	100	121	81	95	95
0.12000693602193502	GengarMega Gengar	Ghost	Poison	600	60	65	80	170	95	130
0.11963642898898208	Pidgeot	Normal	Flying	479	83	80	75	70	70	101
0.11858784248678933	Bellossom	Grass		490	75	80	95	90	100	50
0.11857494499698529	Swirlix	Fairy		341	62	48	66	59	57	49
0.11767013308049212	Gabite	Dragon	Ground	410	68	90	65	50	55	82
0.11652371217858748	Tauros	Normal		490	75	100	95	40	70	110
0.1164475967262677	Pinsir	Bug		500	65	125	100	55	70	85
0.11644342352943149	Charmeleon	Fire		405	58	64	58	80	65	80
0.11639509479188082	RotomWash Rotom	Electric	Water	520	50	65	107	105	107	86
0.11516975047388434	Flygon	Ground	Dragon	520	80	100	80	80	80	100
0.11375263195829854	Electivire	Electric		540	75	123	67	95	85	95
0.11044050768690028	Boldore	Rock		390	70	105	105	50	40	20
0.10646260534185559	GlalieMega Glalie	Ice		580	80	120	80	120	80	100
0.10633252412217054	Muk	Poison		500	105	105	75	65	100	50
0.10566250793204546	CharizardMega Charizard X	Fire	Dragon	634	78	130	111	130	85	100
0.10492019490526061	Raticate	Normal		413	55	81	60	50	70	97
0.10433272364622825	Kabuto	Rock	Water	355	30	80	90	55	45	55
0.10397909083442314	Entei	Fire		580	115	115	85	90	75	100
0.10243373780552789	Pupitar	Rock	Ground	410	70	84	70	65	70	51
0.10120013805680417	Quagsire	Water	Ground	430	95	85	85	65	65	35
0.10005396149209766	ShayminLand Forme	Grass		600	100	100	100	100	100	100
0.09833506100506428	Slowpoke	Water	Psychic	315	90	65	65	40	40	15
0.09463537197631577	RotomMow Rotom	Electric	Grass	520	50	65	107	105	107	86
0.09119411362239438	Uxie	Psychic		580	75	75	130	75	130	95
0.0874357029908458	Braviary	Normal	Flying	510	100	123	75	57	75	80
0.08281213600335613	Lugia	Psychic	Flying	680	106	90	130	90	154	110
0.08203441955918367	Huntail	Water		485	55	104	105	94	75	52
0.08190418118107545	LandorusTherian Forme	Ground	Flying	600	89	145	90	105	80	91
0.08119216912748606	PumpkabooSmall Size	Ghost	Grass	335	44	66	70	44	55	56
0.07953984697505578	Shellder	Water		305	30	65	100	45	25	40
0.07887663807900158	Meganium	Grass		525	80	82	100	83	100	80
0.0781203527148443	Whimsicott	Grass	Fairy	480	60	67	85	77	75	116
0.07623010085427184	Hypno	Psychic		483	85	73	70	73	115	67
0.07595861056047093	Hitmonchan	Fighting		455	50	105	79	35	110	76
0.07546707869250957	Camerupt	Fire	Ground	460	70	100	70	105	75	40
0.07536237119037126	Jirachi	Steel	Psychic	600	100	100	100	100	100	100
0.07374183054827188	GroudonPrimal Groudon	Ground	Fire	770	100	180	160	150	90	90
0.07117994655767557	Seviper	Poison		458	73	100	60	100	60	65
0.07038289302036327	Shroomish	Grass		295	60	40	60	40	60	35
0.06851310446189518	Golurk	Ground	Ghost	483	89	124	80	55	80	55
0.06546219840194856	GyaradosMega Gyarados	Water	Dark	640	95	155	109	70	130	81
0.06492672424146462	Durant	Bug	Steel	484	58	109	112	48	48	109
0.06425213253950213	Lickitung	Normal		385	90	55	75	60	75	30
0.06404397349505697	Armaldo	Rock	Bug	495	75	125	100	70	80	45
0.06302677873844909	Yanmega	Bug	Flying	515	86	76	86	116	56	95
0.0619394269985829	Slowking	Water	Psychic	490	95	75	80	100	110	30
0.05975925176822161	Bagon	Dragon		300	45	75	60	40	30	50
0.05924217253296371	Avalugg	Ice		514	95	117	184	44	46	28
0.05903110881989959	AlakazamMega Alakazam	Psychic		590	55	50	65	175	95	150
0.05839229001620172	Octillery	Water		480	75	105	75	105	75	45
0.057305701655077645	SlowbroMega Slowbro	Water	Psychic	590	95	75	180	130	80	30
0.05637892095633856	Vileplume	Grass	Poison	490	75	80	85	110	90	50
0.05322161275032433	Solrock	Rock	Psychic	440	70	95	85	55	65	70
0.05202007430732114	Lanturn	Water	Electric	460	125	58	58	76	76	67
0.051706659968414725	ManectricMega Manectric	Electric		575	70	75	80	135	80	135
0.05162638140783915	Magmar	Fire		495	65	95	57	100	85	93
0.051045650892036276	Prinplup	Water		405	64	66	68	81	76	50
0.05049117283152793	Totodile	Water		314	50	65	64	44	48	43
0.049765294566397555	Rhyperior	Ground	Rock	535	115	140	130	55	55	40
0.04881116434651278	Donphan	Ground		500	90	120	120	60	60	50
0.04678853589381282	Gallade	Psychic	Fighting	518	68	125	65	65	115	80
0.045854370063541094	Dwebble	Bug	Rock	325	50	65	85	35	35	55
0.04440119706912393	Wobbuffet	Psychic		405	190	33	58	33	58	33
0.04136772931291266	AggronMega Aggron	Steel		630	70	140	230	60	80	50
0.03945256284491794	Granbull	Fairy		450	90	120	75	60	60	45
0.039076160168982965	Swalot	Poison		467	100	73	83	73	83	55
0.03839451811415617	Pachirisu	Electric		405	60	45	70	45	90	95
0.032705637108127794	Azumarill	Water	Fairy	420	100	50	80	60	80	50
0.0324551123176221	Arbok	Poison		438	60	85	69	65	79	80
0.03222582537179075	Lileep	Rock	Grass	355	66	41	77	61	87	23
0.03170850862841168	Sandslash	Ground		450	75	100	110	45	55	65
0.029541819260790025	Ferroseed	Grass	Steel	305	44	50	91	24	86	10
0.027771162228243718	Kyogre	Water		670	100	100	90	150	140	90
0.026038299632695106	Regirock	Rock		580	80	100	200	50	100	50
0.023405097883701598	Lunatone	Rock	Psychic	440	70	55	65	95	85	70
0.022122990187147917	Shelgon	Dragon		420	65	95	100	60	50	50
0.01842188946422796	Croconaw	Water		405	65	80	80	59	63	58
0.017366352254682083	HoopaHoopa Unbound	Psychic	Dark	680	80	160	60	170	130	80
0.0172498182888694	Parasect	Bug	Grass	405	60	95	80	60	80	30
0.01650174804126603	Ivysaur	Grass	Poison	405	60	62	63	80	80	60
0.015550891216691842	Typhlosion	Fire		534	78	84	78	109	85	100
0.013930298894546778	Cobalion	Steel	Fighting	580	91	90	129	90	72	108
0.012494857915989255	Skarmory	Steel	Flying	465	65	80	140	40	70	70
0.009443570507958632	Swanna	Water	Flying	473	75	87	63	87	63	98
0.003724513025951226	Gothorita	Psychic		390	60	45	70	75	85	55
0.0024495010392928673	Tranquill	Normal	Flying	358	62	77	62	50	42	65
0.001270572496929745	Leavanny	Bug	Grass	500	75	103	80	70	80	92
